{
  "generated_on": "2026-07-11",
  "method": {
    "description": "Root-mean-square distance between the uploaded diploid allele fraction and each population's alternate-allele frequency over overlapping SNPs. The 3D angle is derived from classical MDS of population-frequency distances; radial length is user-specific.",
    "frequency_scale": 10000,
    "id": "allele-frequency-rms-distance",
    "label": "Allele-frequency distance (1000 Genomes Phase 3)",
    "minimum_overlap": 200,
    "panel_variant_count": 19979,
    "selection": "Autosomal biallelic A/C/G/T SNPs; palindromic SNPs excluded; global MAF >= 0.05; missingness <= 0.02; duplicate IDs excluded; LD pruning at 200 kb/r2 0.2; deterministic thin-count seed 20260711.",
    "thin_reference_threshold": 80
  },
  "population_distance_matrix": [
    [
      0.0,
      0.0549151,
      0.0524093,
      0.0586462,
      0.058931,
      0.0566224,
      0.0475115,
      0.1634631,
      0.1802818,
      0.2073383,
      0.152067,
      0.2078928,
      0.2059148,
      0.2071374,
      0.2064697,
      0.2046391,
      0.1818231,
      0.1843136,
      0.1824621,
      0.1776761,
      0.1790141,
      0.1755515,
      0.1765156,
      0.1769723,
      0.1740656,
      0.1763444
    ],
    [
      0.0549151,
      0.0,
      0.0726991,
      0.0743551,
      0.0705245,
      0.0754748,
      0.0678941,
      0.1424955,
      0.1592912,
      0.1889965,
      0.1314985,
      0.192603,
      0.1900846,
      0.1914611,
      0.1905683,
      0.189008,
      0.1610977,
      0.1635152,
      0.1615573,
      0.1573639,
      0.1589341,
      0.1578324,
      0.1579735,
      0.1594528,
      0.1555406,
      0.1588158
    ],
    [
      0.0524093,
      0.0726991,
      0.0,
      0.0596853,
      0.0639177,
      0.0552767,
      0.0451924,
      0.1870795,
      0.202286,
      0.22607,
      0.1761964,
      0.2254594,
      0.2236469,
      0.2246583,
      0.2239471,
      0.222521,
      0.2068033,
      0.2087951,
      0.2074308,
      0.2025298,
      0.2037469,
      0.1959546,
      0.198642,
      0.197185,
      0.1954549,
      0.1965274
    ],
    [
      0.0586462,
      0.0743551,
      0.0596853,
      0.0,
      0.0704869,
      0.0507586,
      0.0597636,
      0.1833928,
      0.198599,
      0.2231403,
      0.1721662,
      0.2232034,
      0.2213199,
      0.2223302,
      0.2215309,
      0.2199777,
      0.2026892,
      0.2049345,
      0.203437,
      0.1982234,
      0.1994828,
      0.1927743,
      0.1953122,
      0.1939772,
      0.1919247,
      0.1931865
    ],
    [
      0.058931,
      0.0705245,
      0.0639177,
      0.0704869,
      0.0,
      0.0690065,
      0.0593244,
      0.1780336,
      0.1932744,
      0.2187913,
      0.167358,
      0.2179637,
      0.2157977,
      0.2171228,
      0.2161661,
      0.2146628,
      0.1971691,
      0.1992363,
      0.1977286,
      0.1927924,
      0.1939862,
      0.1884764,
      0.1895266,
      0.1898876,
      0.1876461,
      0.1892275
    ],
    [
      0.0566224,
      0.0754748,
      0.0552767,
      0.0507586,
      0.0690065,
      0.0,
      0.0557508,
      0.1874042,
      0.2026152,
      0.2262997,
      0.1765866,
      0.2263289,
      0.2243995,
      0.2254675,
      0.2245753,
      0.2232113,
      0.2070009,
      0.2090324,
      0.2077754,
      0.2027265,
      0.2040143,
      0.1966199,
      0.1992352,
      0.1978774,
      0.1960019,
      0.197161
    ],
    [
      0.0475115,
      0.0678941,
      0.0451924,
      0.0597636,
      0.0593244,
      0.0557508,
      0.0,
      0.1853207,
      0.2001712,
      0.2245595,
      0.1744433,
      0.22405,
      0.2219368,
      0.2231459,
      0.2221231,
      0.2209774,
      0.2047638,
      0.2067249,
      0.2053808,
      0.2006014,
      0.2018171,
      0.1957269,
      0.1967553,
      0.1970468,
      0.1951676,
      0.1963094
    ],
    [
      0.1634631,
      0.1424955,
      0.1870795,
      0.1833928,
      0.1780336,
      0.1874042,
      0.1853207,
      0.0,
      0.066393,
      0.10897,
      0.0549831,
      0.1463045,
      0.1416164,
      0.1439412,
      0.1430495,
      0.1422511,
      0.0733139,
      0.0792295,
      0.0745688,
      0.0713402,
      0.0740125,
      0.0966232,
      0.0957576,
      0.1012083,
      0.0896722,
      0.1012731
    ],
    [
      0.1802818,
      0.1592912,
      0.202286,
      0.198599,
      0.1932744,
      0.2026152,
      0.2001712,
      0.066393,
      0.0,
      0.0788357,
      0.0838251,
      0.1407077,
      0.134296,
      0.137156,
      0.1353949,
      0.1364088,
      0.1055076,
      0.106,
      0.1066361,
      0.1067411,
      0.1080872,
      0.1071167,
      0.1097121,
      0.113383,
      0.1058657,
      0.1133625
    ],
    [
      0.2073383,
      0.1889965,
      0.22607,
      0.2231403,
      0.2187913,
      0.2262997,
      0.2245595,
      0.10897,
      0.0788357,
      0.0,
      0.1303523,
      0.1526338,
      0.1458135,
      0.148621,
      0.1466368,
      0.1492214,
      0.1546399,
      0.1513326,
      0.1557466,
      0.156972,
      0.1579969,
      0.1401064,
      0.1459183,
      0.1472107,
      0.1437612,
      0.1469288
    ],
    [
      0.152067,
      0.1314985,
      0.1761964,
      0.1721662,
      0.167358,
      0.1765866,
      0.1744433,
      0.0549831,
      0.0838251,
      0.1303523,
      0.0,
      0.1533677,
      0.1496051,
      0.151584,
      0.1513499,
      0.1493757,
      0.0643502,
      0.0738946,
      0.0650943,
      0.0597443,
      0.062797,
      0.0981567,
      0.0948734,
      0.1009703,
      0.0885789,
      0.1011858
    ],
    [
      0.2078928,
      0.192603,
      0.2254594,
      0.2232034,
      0.2179637,
      0.2263289,
      0.22405,
      0.1463045,
      0.1407077,
      0.1526338,
      0.1533677,
      0.0,
      0.0583721,
      0.0499582,
      0.0747051,
      0.0433629,
      0.1704035,
      0.163983,
      0.1704203,
      0.1701471,
      0.1705714,
      0.1269021,
      0.1424297,
      0.1395124,
      0.1413184,
      0.1381723
    ],
    [
      0.2059148,
      0.1900846,
      0.2236469,
      0.2213199,
      0.2157977,
      0.2243995,
      0.2219368,
      0.1416164,
      0.134296,
      0.1458135,
      0.1496051,
      0.0583721,
      0.0,
      0.0390804,
      0.0543208,
      0.053282,
      0.1671214,
      0.160395,
      0.1674455,
      0.1670777,
      0.167278,
      0.1243026,
      0.1397097,
      0.1372991,
      0.138568,
      0.135781
    ],
    [
      0.2071374,
      0.1914611,
      0.2246583,
      0.2223302,
      0.2171228,
      0.2254675,
      0.2231459,
      0.1439412,
      0.137156,
      0.148621,
      0.151584,
      0.0499582,
      0.0390804,
      0.0,
      0.0593363,
      0.0464524,
      0.1690889,
      0.1622666,
      0.1691593,
      0.1689457,
      0.1693608,
      0.1256281,
      0.1415025,
      0.1384179,
      0.1399821,
      0.136969
    ],
    [
      0.2064697,
      0.1905683,
      0.2239471,
      0.2215309,
      0.2161661,
      0.2245753,
      0.2221231,
      0.1430495,
      0.1353949,
      0.1466368,
      0.1513499,
      0.0747051,
      0.0543208,
      0.0593363,
      0.0,
      0.068878,
      0.1690308,
      0.1624359,
      0.1693259,
      0.168998,
      0.1690867,
      0.1265658,
      0.1416167,
      0.1389528,
      0.1406207,
      0.1372829
    ],
    [
      0.2046391,
      0.189008,
      0.222521,
      0.2199777,
      0.2146628,
      0.2232113,
      0.2209774,
      0.1422511,
      0.1364088,
      0.1492214,
      0.1493757,
      0.0433629,
      0.053282,
      0.0464524,
      0.068878,
      0.0,
      0.1662737,
      0.1605171,
      0.1667766,
      0.166205,
      0.1665923,
      0.1221399,
      0.137926,
      0.1349465,
      0.1368726,
      0.1334803
    ],
    [
      0.1818231,
      0.1610977,
      0.2068033,
      0.2026892,
      0.1971691,
      0.2070009,
      0.2047638,
      0.0733139,
      0.1055076,
      0.1546399,
      0.0643502,
      0.1704035,
      0.1671214,
      0.1690889,
      0.1690308,
      0.1662737,
      0.0,
      0.0559267,
      0.0391295,
      0.0438121,
      0.0475928,
      0.1089256,
      0.1009546,
      0.1102794,
      0.095154,
      0.1106472
    ],
    [
      0.1843136,
      0.1635152,
      0.2087951,
      0.2049345,
      0.1992363,
      0.2090324,
      0.2067249,
      0.0792295,
      0.106,
      0.1513326,
      0.0738946,
      0.163983,
      0.160395,
      0.1622666,
      0.1624359,
      0.1605171,
      0.0559267,
      0.0,
      0.0564461,
      0.0634091,
      0.0672463,
      0.109293,
      0.1033935,
      0.112048,
      0.0983043,
      0.1126238
    ],
    [
      0.1824621,
      0.1615573,
      0.2074308,
      0.203437,
      0.1977286,
      0.2077754,
      0.2053808,
      0.0745688,
      0.1066361,
      0.1557466,
      0.0650943,
      0.1704203,
      0.1674455,
      0.1691593,
      0.1693259,
      0.1667766,
      0.0391295,
      0.0564461,
      0.0,
      0.0453779,
      0.0498649,
      0.1100577,
      0.1020473,
      0.1114264,
      0.0963384,
      0.1120266
    ],
    [
      0.1776761,
      0.1573639,
      0.2025298,
      0.1982234,
      0.1927924,
      0.2027265,
      0.2006014,
      0.0713402,
      0.1067411,
      0.156972,
      0.0597443,
      0.1701471,
      0.1670777,
      0.1689457,
      0.168998,
      0.166205,
      0.0438121,
      0.0634091,
      0.0453779,
      0.0,
      0.041564,
      0.1098038,
      0.1023316,
      0.1108476,
      0.0962808,
      0.1113618
    ],
    [
      0.1790141,
      0.1589341,
      0.2037469,
      0.1994828,
      0.1939862,
      0.2040143,
      0.2018171,
      0.0740125,
      0.1080872,
      0.1579969,
      0.062797,
      0.1705714,
      0.167278,
      0.1693608,
      0.1690867,
      0.1665923,
      0.0475928,
      0.0672463,
      0.0498649,
      0.041564,
      0.0,
      0.1085617,
      0.1005509,
      0.1091657,
      0.0944989,
      0.1097668
    ],
    [
      0.1755515,
      0.1578324,
      0.1959546,
      0.1927743,
      0.1884764,
      0.1966199,
      0.1957269,
      0.0966232,
      0.1071167,
      0.1401064,
      0.0981567,
      0.1269021,
      0.1243026,
      0.1256281,
      0.1265658,
      0.1221399,
      0.1089256,
      0.109293,
      0.1100577,
      0.1098038,
      0.1085617,
      0.0,
      0.0542686,
      0.0457654,
      0.050433,
      0.0452041
    ],
    [
      0.1765156,
      0.1579735,
      0.198642,
      0.1953122,
      0.1895266,
      0.1992352,
      0.1967553,
      0.0957576,
      0.1097121,
      0.1459183,
      0.0948734,
      0.1424297,
      0.1397097,
      0.1415025,
      0.1416167,
      0.137926,
      0.1009546,
      0.1033935,
      0.1020473,
      0.1023316,
      0.1005509,
      0.0542686,
      0.0,
      0.0525528,
      0.0518463,
      0.0534631
    ],
    [
      0.1769723,
      0.1594528,
      0.197185,
      0.1939772,
      0.1898876,
      0.1978774,
      0.1970468,
      0.1012083,
      0.113383,
      0.1472107,
      0.1009703,
      0.1395124,
      0.1372991,
      0.1384179,
      0.1389528,
      0.1349465,
      0.1102794,
      0.112048,
      0.1114264,
      0.1108476,
      0.1091657,
      0.0457654,
      0.0525528,
      0.0,
      0.0480343,
      0.0406485
    ],
    [
      0.1740656,
      0.1555406,
      0.1954549,
      0.1919247,
      0.1876461,
      0.1960019,
      0.1951676,
      0.0896722,
      0.1058657,
      0.1437612,
      0.0885789,
      0.1413184,
      0.138568,
      0.1399821,
      0.1406207,
      0.1368726,
      0.095154,
      0.0983043,
      0.0963384,
      0.0962808,
      0.0944989,
      0.050433,
      0.0518463,
      0.0480343,
      0.0,
      0.0491858
    ],
    [
      0.1763444,
      0.1588158,
      0.1965274,
      0.1931865,
      0.1892275,
      0.197161,
      0.1963094,
      0.1012731,
      0.1133625,
      0.1469288,
      0.1011858,
      0.1381723,
      0.135781,
      0.136969,
      0.1372829,
      0.1334803,
      0.1106472,
      0.1126238,
      0.1120266,
      0.1113618,
      0.1097668,
      0.0452041,
      0.0534631,
      0.0406485,
      0.0491858,
      0.0
    ]
  ],
  "population_order": [
    "ACB",
    "ASW",
    "ESN",
    "GWD",
    "LWK",
    "MSL",
    "YRI",
    "CLM",
    "MXL",
    "PEL",
    "PUR",
    "CDX",
    "CHB",
    "CHS",
    "JPT",
    "KHV",
    "CEU",
    "FIN",
    "GBR",
    "IBS",
    "TSI",
    "BEB",
    "GIH",
    "ITU",
    "PJL",
    "STU"
  ],
  "populations": [
    {
      "code": "ACB",
      "location": {
        "label": "Barbados",
        "lat": 13.19,
        "lon": -59.54,
        "precision": "country"
      },
      "mds_direction": [
        -0.835041,
        -0.039699,
        0.011786
      ],
      "name": "African Caribbean in Barbados",
      "sample_count": 96,
      "superpopulation": "AFR",
      "superpopulation_name": "African",
      "thin_reference": false
    },
    {
      "code": "ASW",
      "location": {
        "label": "Southwest United States",
        "lat": 34.05,
        "lon": -111.09,
        "precision": "region"
      },
      "mds_direction": [
        -0.671159,
        0.006003,
        0.046296
      ],
      "name": "African Ancestry in Southwest US",
      "sample_count": 61,
      "superpopulation": "AFR",
      "superpopulation_name": "African",
      "thin_reference": true
    },
    {
      "code": "ESN",
      "location": {
        "label": "Edo State, Nigeria",
        "lat": 6.34,
        "lon": 5.62,
        "precision": "region"
      },
      "mds_direction": [
        -0.993888,
        -0.109468,
        -0.014287
      ],
      "name": "Esan in Nigeria",
      "sample_count": 99,
      "superpopulation": "AFR",
      "superpopulation_name": "African",
      "thin_reference": false
    },
    {
      "code": "GWD",
      "location": {
        "label": "Western Gambia",
        "lat": 13.28,
        "lon": -16.66,
        "precision": "region"
      },
      "mds_direction": [
        -0.959397,
        -0.089659,
        -0.010758
      ],
      "name": "Gambian in Western Division, The Gambia",
      "sample_count": 113,
      "superpopulation": "AFR",
      "superpopulation_name": "African",
      "thin_reference": false
    },
    {
      "code": "LWK",
      "location": {
        "label": "Webuye, Kenya",
        "lat": 0.62,
        "lon": 34.77,
        "precision": "city"
      },
      "mds_direction": [
        -0.909606,
        -0.08542,
        0.003208
      ],
      "name": "Luhya in Webuye, Kenya",
      "sample_count": 99,
      "superpopulation": "AFR",
      "superpopulation_name": "African",
      "thin_reference": false
    },
    {
      "code": "MSL",
      "location": {
        "label": "Sierra Leone",
        "lat": 8.46,
        "lon": -11.78,
        "precision": "country"
      },
      "mds_direction": [
        -0.994088,
        -0.104449,
        -0.010172
      ],
      "name": "Mende in Sierra Leone",
      "sample_count": 85,
      "superpopulation": "AFR",
      "superpopulation_name": "African",
      "thin_reference": false
    },
    {
      "code": "YRI",
      "location": {
        "label": "Ibadan, Nigeria",
        "lat": 7.38,
        "lon": 3.95,
        "precision": "city"
      },
      "mds_direction": [
        -0.985564,
        -0.107379,
        0.008146
      ],
      "name": "Yoruba in Ibadan, Nigeria",
      "sample_count": 108,
      "superpopulation": "AFR",
      "superpopulation_name": "African",
      "thin_reference": false
    },
    {
      "code": "CLM",
      "location": {
        "label": "Medell\u00edn, Colombia",
        "lat": 6.24,
        "lon": -75.58,
        "precision": "city"
      },
      "mds_direction": [
        0.222488,
        0.256637,
        0.225848
      ],
      "name": "Colombian in Medellin, Colombia",
      "sample_count": 94,
      "superpopulation": "AMR",
      "superpopulation_name": "American",
      "thin_reference": false
    },
    {
      "code": "MXL",
      "location": {
        "label": "Los Angeles, United States",
        "lat": 34.05,
        "lon": -118.24,
        "precision": "city"
      },
      "mds_direction": [
        0.318913,
        0.101693,
        0.348273
      ],
      "name": "Mexican Ancestry in Los Angeles, California",
      "sample_count": 64,
      "superpopulation": "AMR",
      "superpopulation_name": "American",
      "thin_reference": true
    },
    {
      "code": "PEL",
      "location": {
        "label": "Lima, Peru",
        "lat": -12.05,
        "lon": -77.04,
        "precision": "city"
      },
      "mds_direction": [
        0.393646,
        -0.097682,
        0.528648
      ],
      "name": "Peruvian in Lima, Peru",
      "sample_count": 85,
      "superpopulation": "AMR",
      "superpopulation_name": "American",
      "thin_reference": false
    },
    {
      "code": "PUR",
      "location": {
        "label": "Puerto Rico",
        "lat": 18.22,
        "lon": -66.59,
        "precision": "country"
      },
      "mds_direction": [
        0.12665,
        0.319436,
        0.146262
      ],
      "name": "Puerto Rican in Puerto Rico",
      "sample_count": 104,
      "superpopulation": "AMR",
      "superpopulation_name": "American",
      "thin_reference": false
    },
    {
      "code": "CDX",
      "location": {
        "label": "Xishuangbanna, China",
        "lat": 22.01,
        "lon": 100.8,
        "precision": "region"
      },
      "mds_direction": [
        0.476844,
        -0.639367,
        0.001802
      ],
      "name": "Chinese Dai in Xishuangbanna, China",
      "sample_count": 93,
      "superpopulation": "EAS",
      "superpopulation_name": "East Asian",
      "thin_reference": false
    },
    {
      "code": "CHB",
      "location": {
        "label": "Beijing, China",
        "lat": 39.9,
        "lon": 116.41,
        "precision": "city"
      },
      "mds_direction": [
        0.476965,
        -0.626756,
        0.038822
      ],
      "name": "Han Chinese in Bejing, China",
      "sample_count": 103,
      "superpopulation": "EAS",
      "superpopulation_name": "East Asian",
      "thin_reference": false
    },
    {
      "code": "CHS",
      "location": {
        "label": "Southern China",
        "lat": 23.13,
        "lon": 113.26,
        "precision": "region"
      },
      "mds_direction": [
        0.481443,
        -0.645489,
        0.025505
      ],
      "name": "Southern Han Chinese, China",
      "sample_count": 105,
      "superpopulation": "EAS",
      "superpopulation_name": "East Asian",
      "thin_reference": false
    },
    {
      "code": "JPT",
      "location": {
        "label": "Tokyo, Japan",
        "lat": 35.68,
        "lon": 139.69,
        "precision": "city"
      },
      "mds_direction": [
        0.464093,
        -0.613896,
        0.0433
      ],
      "name": "Japanese in Tokyo, Japan",
      "sample_count": 104,
      "superpopulation": "EAS",
      "superpopulation_name": "East Asian",
      "thin_reference": false
    },
    {
      "code": "KHV",
      "location": {
        "label": "Ho Chi Minh City, Vietnam",
        "lat": 10.82,
        "lon": 106.63,
        "precision": "city"
      },
      "mds_direction": [
        0.467169,
        -0.618537,
        -0.002941
      ],
      "name": "Kinh in Ho Chi Minh City, Vietnam",
      "sample_count": 99,
      "superpopulation": "EAS",
      "superpopulation_name": "East Asian",
      "thin_reference": false
    },
    {
      "code": "CEU",
      "location": {
        "label": "Utah, United States",
        "lat": 39.32,
        "lon": -111.09,
        "precision": "region"
      },
      "mds_direction": [
        0.291125,
        0.514795,
        0.080397
      ],
      "name": "Utah residents with Northern and Western European ancestry",
      "sample_count": 99,
      "superpopulation": "EUR",
      "superpopulation_name": "European",
      "thin_reference": false
    },
    {
      "code": "FIN",
      "location": {
        "label": "Finland",
        "lat": 64.0,
        "lon": 26.0,
        "precision": "country"
      },
      "mds_direction": [
        0.31714,
        0.438099,
        0.094919
      ],
      "name": "Finnish in Finland",
      "sample_count": 99,
      "superpopulation": "EUR",
      "superpopulation_name": "European",
      "thin_reference": false
    },
    {
      "code": "GBR",
      "location": {
        "label": "England and Scotland",
        "lat": 54.5,
        "lon": -3.5,
        "precision": "region"
      },
      "mds_direction": [
        0.293233,
        0.514556,
        0.082504
      ],
      "name": "British in England and Scotland",
      "sample_count": 91,
      "superpopulation": "EUR",
      "superpopulation_name": "European",
      "thin_reference": false
    },
    {
      "code": "IBS",
      "location": {
        "label": "Spain",
        "lat": 40.46,
        "lon": -3.75,
        "precision": "country"
      },
      "mds_direction": [
        0.255782,
        0.505647,
        0.079096
      ],
      "name": "Iberian populations in Spain",
      "sample_count": 107,
      "superpopulation": "EUR",
      "superpopulation_name": "European",
      "thin_reference": false
    },
    {
      "code": "TSI",
      "location": {
        "label": "Tuscany, Italy",
        "lat": 43.77,
        "lon": 11.25,
        "precision": "region"
      },
      "mds_direction": [
        0.264157,
        0.505392,
        0.052421
      ],
      "name": "Toscani in Italy",
      "sample_count": 107,
      "superpopulation": "EUR",
      "superpopulation_name": "European",
      "thin_reference": false
    },
    {
      "code": "BEB",
      "location": {
        "label": "Bangladesh",
        "lat": 23.68,
        "lon": 90.36,
        "precision": "country"
      },
      "mds_direction": [
        0.316071,
        0.042405,
        -0.335371
      ],
      "name": "Bengali in Bangladesh",
      "sample_count": 86,
      "superpopulation": "SAS",
      "superpopulation_name": "South Asian",
      "thin_reference": false
    },
    {
      "code": "GIH",
      "location": {
        "label": "Houston, United States",
        "lat": 29.76,
        "lon": -95.37,
        "precision": "city"
      },
      "mds_direction": [
        0.301398,
        0.1714,
        -0.338131
      ],
      "name": "Gujarati Indian in Houston,TX",
      "sample_count": 103,
      "superpopulation": "SAS",
      "superpopulation_name": "South Asian",
      "thin_reference": false
    },
    {
      "code": "ITU",
      "location": {
        "label": "United Kingdom",
        "lat": 52.36,
        "lon": -1.17,
        "precision": "country"
      },
      "mds_direction": [
        0.295611,
        0.114148,
        -0.397032
      ],
      "name": "Indian Telugu in the UK",
      "sample_count": 102,
      "superpopulation": "SAS",
      "superpopulation_name": "South Asian",
      "thin_reference": false
    },
    {
      "code": "PJL",
      "location": {
        "label": "Lahore, Pakistan",
        "lat": 31.52,
        "lon": 74.36,
        "precision": "city"
      },
      "mds_direction": [
        0.293211,
        0.186451,
        -0.31363
      ],
      "name": "Punjabi in Lahore,Pakistan",
      "sample_count": 96,
      "superpopulation": "SAS",
      "superpopulation_name": "South Asian",
      "thin_reference": false
    },
    {
      "code": "STU",
      "location": {
        "label": "United Kingdom",
        "lat": 52.36,
        "lon": -1.17,
        "precision": "country"
      },
      "mds_direction": [
        0.292802,
        0.10114,
        -0.39491
      ],
      "name": "Sri Lankan Tamil in the UK",
      "sample_count": 102,
      "superpopulation": "SAS",
      "superpopulation_name": "South Asian",
      "thin_reference": false
    }
  ],
  "reference_build": "GRCh37",
  "schema_version": "1.0",
  "sources": {
    "files_sha256": {
      "20131219.populations.tsv": "420932693a5997e1d47f634b93eab861b87d5e5d23ac141e75163426f8076aaa",
      "20131219.superpopulations.tsv": "b0acb20d2aa1d7051f7dadf8c7f8626997e7a48834e66d22fa3dabba9e0ca8b6",
      "all_phase3.pgen.zst": "1feb503994db9d7e4f85bdcd2dd7bdd58fccb08b15bdaa2d6b4cf2256773f71e",
      "all_phase3.pvar.zst": "6f23e502e61b2c2cd5a39e072973f06a91fdb9b41e66f3e71795b00a1fc6fe60",
      "phase3_corrected.psam": "08b87282dc139204f09eef9a0d9f3508f673bb5a139fd8d8e9a595e5d5ba31af"
    },
    "plink_resources": "https://www.cog-genomics.org/plink/2.0/resources#1kg_phase3",
    "population_descriptions": "https://ftp.1000genomes.ebi.ac.uk/vol1/ftp/phase3/20131219.populations.tsv",
    "release": "1000 Genomes Phase 3 primary release, 2016-05-05",
    "sample_count": 2504,
    "superpopulation_descriptions": "https://ftp.1000genomes.ebi.ac.uk/vol1/ftp/phase3/20131219.superpopulations.tsv"
  },
  "superpopulations": {
    "AFR": "African",
    "AMR": "American",
    "EAS": "East Asian",
    "EUR": "European",
    "SAS": "South Asian"
  }
}
